Barkrak daily weather, aggregated from AWS (3463 m asl)
and extended with downscaled ERA5 reanalysis.
NOTE: strong precipitation undercatch
year doy hour t2m_mean precip
2016 1 12 -8.80337319840539 0.451752475630902
2016 2 12 -7.98239995400184 0.550086915999541
2016 3 12 -7.19939627414903 1.51418511371004
2016 4 12 -9.58197447102116 0.984846839750086
2016 5 12 -11.298725467648 0.0204331304662109
2016 6 12 -9.7582509199632 0.295649368613306
2016 7 12 -10.0660955228457 0.570399851580656
2016 8 12 -12.4714773075743 0.287881774164018
2016 9 12 -6.95335594909537 0.0113133435596006
2016 10 12 -5.96167203311868 0.388950648168577
2016 11 12 -8.03295001533272 0.971369988258769
2016 12 12 -10.9534287795155 0.00350067602840243
2016 13 12 -9.21635426249616 0.122313319945163
2016 14 12 -7.83048528058877 0.0944731796849511
2016 15 12 -9.07858785648574 0
2016 16 12 -8.73519625881631 0.5553604665831
2016 17 12 -15.3592111315548 0.0177587942728392
2016 18 12 -18.3293525758969 0
2016 19 12 -9.07858785648574 0
2016 20 12 -6.68566773995706 0
2016 21 12 -6.5398746550138 0
2016 22 12 -8.62745131861392 0
2016 23 12 -7.91629101502606 0
2016 24 12 -7.28686560870899 0
2016 25 12 -7.23896427476234 0.185776219275512
2016 26 12 -9.36149379024839 0.503466324943179
2016 27 12 -11.7070243023612 0.546721459216871
2016 28 12 -14.2858804814474 0.395396098881816
2016 29 12 -14.1295116528672 0.309006025219528
2016 30 12 -15.3592111315548 0.0493400003316443
2016 31 12 -16.0083333333333 0.297737754741838
2016 32 12 -17.1988807114382 0.00570925704202986
2016 33 12 -14.0588910610242 0
2016 34 12 -9.8647500766636 0.00213345921044262
2016 35 12 -12.7007091383011 0.0383271439847822
2016 36 12 -10.2217264642748 0
2016 37 12 -5.12228419196565 0
2016 38 12 -4.47800712971481 0
2016 39 12 -7.33204155167127 0.865072636752562
2016 40 12 -11.0472611928856 1.22265241991125
2016 41 12 -14.5901563937442 0.00647549943451255
2016 42 12 -14.0335249923336 0.000766242392482956
2016 43 12 -13.1295614842073 0
2016 44 12 -15.8117582796688 0
2016 45 12 -16.9323884544618 0
2016 46 12 -18.0994499386691 0.00228370281681185
2016 47 12 -17.5684165133394 0.087607046873879
2016 48 12 -13.8870572677093 3.00487212738323e-05
2016 49 12 -9.8647500766636 0
2016 50 12 -7.34673221404477 0.00811315474393671
2016 51 12 -7.74911453541858 0.0902062612640658
2016 52 12 -7.28686560870899 0.501077451601909
2016 53 12 -6.42419694878871 0.239473284191863
2016 54 12 -3.49227230910764 0
2016 55 12 -2.19707145047531 0
2016 56 12 -0.809582950015333 0
2016 57 12 -1.67771964121435 0
2016 58 12 -4.3107539865072 0
2016 59 12 -3.43432229377492 0
2016 60 12 -2.04594257896351 0
2016 61 12 -3.43640371051825 0.533424900053197
2016 62 12 -4.56341613002146 0.0113283679202374
2016 63 12 -4.47800712971481 0
2016 64 12 -0.824106869058571 0
2016 65 12 -1.50726387611162 0
2016 66 12 -1.71004101502607 0.00363589527413464
2016 67 12 -1.50726387611162 0.133641687865401
2016 68 12 -2.08561982520699 0.226296919913285
2016 69 12 -3.34211898190739 0.0172479660111839
2016 70 12 -4.36666666666667 0.236092803048556
2016 71 12 -3.79054929469488 0.0988753173515687
2016 72 12 -4.81020775835633 0.00501813645273119
2016 73 12 -5.2913120975161 0.699263792763516
2016 74 12 -7.44538868445262 0.799386132047949
2016 75 12 -7.19657697025452 0.300502237099031
2016 76 12 -6.07657927016253 2.47636019325902
2016 77 12 -7.36184260962895 1.86264510996212
2016 78 12 -8.70833333333333 1.45764844463331
2016 79 12 -9.19967226310947 0.0100963703480101
2016 80 12 -8.49600390984361 0.0324375946151098
2016 81 12 -7.20946220484514 0.276027553621489
2016 82 12 -5.96167203311868 0.0875319250706943
2016 83 12 -3.41498965041398 0.20027472729014
2016 84 12 -4.04261729530819 0.600899303673603
2016 85 12 -4.81020775835633 0.313873918065889
2016 86 12 -3.81673183072677 0
2016 87 12 -2.71038216804661 0.161797339698988
2016 88 12 -2.12400528978841 2.97558964850258
2016 89 12 -2.12400528978841 1.6640080379814
2016 90 12 -2.38309759276296 2.62612302008783
2016 91 12 -3.25146235817234 0.909800158368672
2016 92 12 -4.99044771542471 0.323264143463964
2016 93 12 -5.21458333333333 0.19120001346544
2016 94 12 -4.24484628948176 0.474965112814943
2016 95 12 -5.33554316160687 0.00139726553923357
2016 96 12 -4.36666666666667 0.240825476649186
2016 97 12 -5.21458333333333 0.245152492512619
2016 98 12 -3.81673183072677 0.143332400476214
2016 99 12 -4.2571910456915 1.47740547887086
2016 100 12 -6.07657927016253 0.14388830181978
2016 101 12 -5.62168046611469 0.161647096092619
2016 102 12 -3.43640371051825 0.18666265655309
2016 103 12 -5.62168046611469 0.685892111796658
2016 104 12 -3.43640371051825 0.000360584655286121
2016 105 12 0.602181079423489 0
2016 106 12 1.8563151640601 0
2016 107 12 3.22020852499234 0
2016 108 12 1.39732060717571 1.36401662914403
2016 109 12 -1.63644012572831 0.239848893207786
2016 110 12 -0.824106869058571 0.00274945799655642
2016 111 12 -1.61892824287029 0.989369172301799
2016 112 12 -3.34211898190739 0.130561693934832
2016 113 12 -2.82913791781662 0.114665920380971
2016 114 12 -2.00603725850966 0.0890193367737493
2016 115 12 -1.62196220484514 0.171758490801266
2016 116 12 -1.05847324440356 0.32616384506689
2016 117 12 -0.111169886537871 0.218379081857628
2016 118 12 0.437597746090154 0.0756777045281645
2016 119 12 0.677435985893898 1.70452873861918
2016 120 12 0.764583333333333 1.19258867427678
2016 121 12 0.484454538485127 0.292028497699808
2016 122 12 2.17910725237657 0.721454773424247
2016 123 12 -0.824106869058571 2.36812469923065
2016 124 12 -1.21597669426557 0.192266743070661
2016 125 12 -1.09863730450782 0.182050177837556
2016 126 12 0.466666666666667 1.36786286546708
2016 127 12 -0.155692272309108 1.22401963672921
2016 128 12 0.484454538485127 0.158837540653515
2016 129 12 1.97075666973321 0.809497526756596
2016 130 12 1 2.12330274265204
2016 131 12 -1.21597669426557 0.181088618756793
2016 132 12 0.144970867831954 0.20031980037205
2016 133 12 -0.779678396197489 0.192672400807858
2016 134 12 0.764583333333333 0.325668041165871
2016 135 12 0.741672416436675 0.87776822149076
2016 136 12 1 2.49981322021325
2016 137 12 -1.8583697485434 2.97213404555609
2016 138 12 -1.62196220484514 3.57283803254142
2016 139 12 -1.37151563937442 1.12254510498746
2016 140 12 -1.42183954308495 0.0144985080146276
2016 141 12 1.8563151640601 0
2016 142 12 4.6667490800368 0
2016 143 12 4.81120438515793 1.05194563435457
2016 144 12 1.2467475467648 1.87909678485955
2016 145 12 2.34498236737197 0.0696679602733968
2016 146 12 3.46520430849432 0.405447396147915
2016 147 12 3.28923643054278 0.968921017474951
2016 148 12 1.9243119441889 1.56936959032945
2016 149 12 2.1900605642441 0.474559455077746
2016 150 12 1.65883931309414 1.30731469210029
2016 151 12 3.03514451088623 0.150183508926649
2016 152 12 5.16058532658694 0.117670792508355
2016 153 12 4.80416666666667 1.06835223617009
2016 154 12 5.80122661760196 1.18648878385819
2016 155 12 2.92013761116222 1.36391145861957
2016 156 12 4.77585479914137 0.68007768423017
2016 157 12 6.47976655933762 0.949599689695873
2016 158 12 7.14864880404784 1.10074475770328
2016 159 12 10.1072197945416 0.445607512130401
2016 160 12 9.70133394664213 0.349030921956281
2016 161 12 10.7833927476234 0.0549741355704893
2016 162 12 10.8258068843913 0.940840487444548
2016 163 12 8.9909977767556 0.733113677278497
2016 164 12 7.75411300214658 0.822643842313901
2016 165 12 9.04289520085863 0.532283048644791
2016 166 12 8.92020660840233 1.461509705317
2016 167 12 4.09219947868752 2.62816633313445
2016 168 12 3.09645239190432 1.57656625907453
2016 169 12 3.34602690892364 1.66448881752179
2016 170 12 5.59110510579577 0.439627816596907
2016 171 12 7.10683455995094 0.0962160055188338
2016 172 12 6.28557191045691 0.20422613413765
2016 173 12 3.28923643054278 2.0454765545528
2016 174 12 1.39449555351119 1.28839902205841
2016 175 12 2.40898114075437 0.87878987801407
2016 176 12 4.65799026372278 0.165207869563569
2016 177 12 7.08446412143514 0.193664008609895
2016 178 12 7.14864880404784 0.904316266736196
2016 179 12 3.22020852499234 2.5808996945707
2016 180 12 6.38479760809568 0.164772163105098
2016 181 12 9.35846366145354 0.0808010115053542
2016 182 12 10.4376015792702 0.192777571332317
2016 183 12 9.73079001839927 0.792519999236877
2016 184 12 6.47976655933762 2.72558428750424
2016 185 12 5.63351732597363 2.28152428451944
2016 186 12 4.9040631708065 4.13673233596628
2016 187 12 3.51582336706532 2.15057195720805
2016 188 12 4.27963814780742 1.62961727648349
2016 189 12 5.49096327813554 0.858567088596776
2016 190 12 7.60296113155474 0.0963962978464769
2016 191 12 7.38330075130328 0.436367530338696
2016 192 12 9.22005519779209 0.205999008692806
2016 193 12 10.4273823213738 0.280955543910398
2016 194 12 10.9448961208218 1.9181450981549
2016 195 12 11.0754848972708 1.55804122240921
2016 196 12 4.9040631708065 1.69264446935537
2016 197 12 6.81645584176633 0.176611359286991
2016 198 12 9.15745745170193 0.16271382569784
2016 199 12 7.33809414290095 1.32571953388052
2016 200 12 5.05013416130021 2.51365065635985
2016 201 12 4.46369595216191 2.08771003230318
2016 202 12 7.29335326586937 0.56706444351926
2016 203 12 5.57347056117755 2.49673322628268
2016 204 12 5.49096327813554 1.62402821432656
2016 205 12 7.10683455995094 0.018720353353602
2016 206 12 8.92020660840233 0.696499310406323
2016 207 12 10.0856926556271 0.972842375601187
2016 208 12 10.9448961208218 1.55399966939788
2016 209 12 8.9909977767556 2.89223449568895
2016 210 12 5.12329998466728 1.80128562112094
2016 211 12 2.85583026678933 1.20956620179649
2016 212 12 2.81210518245936 2.72577960419252
2016 213 12 3.44407582030052 0.305520373551762
2016 214 12 5.28382589696412 0.439793084563913
2016 215 12 6.28557191045691 0.263993040751316
2016 216 12 6.55026257283042 0.483589095820534
2016 217 12 7.60296113155474 0.344914247141766
2016 218 12 8.1448712051518 0.283780123710139
2016 219 12 7.68891061024225 0.382940903913809
2016 220 12 6.57182804354492 0.399873358351618
2016 221 12 9.15745745170193 0.0391384594591759
2016 222 12 9.96798719717879 0.331707834141913
2016 223 12 8.95061139221098 0.620115460928224
2016 224 12 9.63323750383318 0.342870934095145
2016 225 12 9.27301632934682 1.00792425768839
2016 226 12 7.01505098129408 0.692683122804546
2016 227 12 6.47976655933762 1.5282479152662
2016 228 12 6.62702583563324 1.06035927631124
2016 229 12 4.14104377491567 1.21931701184985
2016 230 12 2.29375 1.5
2016 231 12 2.9625 0.9
2016 232 12 4.92083333333333 0.11
2016 233 12 5.7625 0.01
2016 234 12 5.49791666666667 0
2016 235 12 4.40833333333333 0
2016 236 12 4.31666666666667 0
2016 237 12 5.85416666666667 0
2016 238 12 6.85625 0
2016 239 12 7.10416666666667 0
2016 240 12 7.63541666666667 0
2016 241 12 7.47083333333333 0
2016 242 12 7.14583333333333 0
2016 243 12 4.28125 0.26
2016 244 12 5.32083333333333 0.12
2016 245 12 3.75625 0.86
2016 246 12 4.28333333333333 0
2016 247 12 4.675 0
2016 248 12 4.42916666666667 0.04
2016 249 12 4.93125 0.37
2016 250 12 5.525 0
2016 251 12 4.77291666666667 0.08
2016 252 12 5.18958333333333 0.1
2016 253 12 3.43125 3.8
2016 254 12 7.25 0.08
2016 255 12 3.01666666666667 3.74
2016 256 12 2.9 0.72
2016 257 12 -1.91666666666667 0.62
2016 258 12 1.8875 0
2016 259 12 4.9625 0
2016 260 12 4.52916666666667 0
2016 261 12 4.13958333333333 2.14
2016 262 12 6.32916666666667 0
2016 263 12 6.175 0.08
2016 264 12 6.84583333333333 0
2016 265 12 6.92291666666667 0
2016 266 12 7.65208333333333 0
2016 267 12 6.3125 0
2016 268 12 2.6125 0.03
2016 269 12 2.43958333333333 0
2016 270 12 2.28333333333333 0.01
2016 271 12 4.35833333333333 0
2016 272 12 1.525 0.08
2016 273 12 3.58541666666667 0.01
2016 274 12 -1.61666666666667 1.61
2016 275 12 -1.62083333333333 0.08
2016 276 12 -7.36041666666667 0
2016 277 12 -1.88541666666667 0
2016 278 12 0.322916666666667 0
2016 279 12 0.764583333333333 0
2016 280 12 0.777083333333333 0
2016 281 12 -0.945833333333333 0
2016 282 12 -1.02083333333333 0
2016 283 12 -1.68541666666667 0
2016 284 12 -2.54375 0
2016 285 12 -0.879166666666667 0
2016 286 12 -2.04375 0.01
2016 287 12 -4.04375 2.88
2016 288 12 -6.5125 0.01
2016 289 12 -0.822916666666667 0
2016 290 12 -0.93125 0.99
2016 291 12 -3.6875 7.67
2016 292 12 -6.68958333333333 5.8
2016 293 12 -10.8979166666667 0.01
2016 294 12 -10.2958333333333 0
2016 295 12 -9.84791666666667 0
2016 296 12 -12.3020833333333 0.01
2016 297 12 -11.04375 0
2016 298 12 -11.0604166666667 0.01
2016 299 12 -11.7333333333333 0.01
2016 300 12 -12.7291666666667 0
2016 301 12 -6.88958333333333 0.01
2016 302 12 -4.8625 0.01
2016 303 12 -4.3875 0.07
2016 304 12 -4.8625 0.32
2016 305 12 -2.20208333333333 0.39
2016 306 12 -1.28333333333333 0.19
2016 307 12 -0.358333333333333 0.07
2016 308 12 -2.125 0.5
2016 309 12 -14.5875 0.12
2016 310 12 -6.75208333333333 0
2016 311 12 -6.28125 0
2016 312 12 -8.10833333333333 0.01
2016 313 12 -6.27083333333333 0
2016 314 12 -3.44583333333333 0
2016 315 12 -5.97916666666667 0
2016 316 12 -7.19791666666667 0
2016 317 12 -6.55208333333333 0
2016 318 12 -5.74791666666667 0.06
2016 319 12 -9.14791666666667 0
2016 320 12 -8.10625 0.03
2016 321 12 -7.3375 1.31
2016 322 12 -8.75 0
2016 323 12 -6.68333333333333 0
2016 324 12 -6.98541666666667 0.16
2016 325 12 -15.0729166666667 0.04
2016 326 12 -15.4666666666667 0
2016 327 12 -15.8104166666667 0
2016 328 12 -14.6479166666667 0
2016 329 12 -14.9333333333333 0
2016 330 12 -10.53125 0
2016 331 12 -17.0833333333333 0
2016 332 12 -12.6541666666667 0
2016 333 12 -9.30833333333333 0
2016 334 12 -8.70833333333333 0
2016 335 12 -9.9 0
2016 336 12 -7.47708333333333 0
2016 337 12 -4.02291666666667 0.49
2016 338 12 -2.20833333333333 2.18
2016 339 12 -6.25416666666667 0.88
2016 340 12 -6.54375 3.06
2016 341 12 -5.81458333333333 0.82
2016 342 12 -5.38333333333333 15.63
2016 343 12 -10.3229166666667 0.11
2016 344 12 -12.6625 0.05
2016 345 12 -11.9520833333333 0
2016 346 12 -12.6395833333333 0.01
2016 347 12 -10.975 0
2016 348 12 -9.88958333333333 0
2016 349 12 -4.82083333333333 0.03
2016 350 12 -6.5625 0
2016 351 12 -7.51041666666667 0.1
2016 352 12 -12.7875 0.26
2016 353 12 -15.21875 0.21
2016 354 12 -18.3270833333333 0
2016 355 12 -13.1625 0.01
2016 356 12 -10.4354166666667 0.02
2016 357 12 -12.6333333333333 0.4
2016 358 12 -17.4604166666667 0.74
2016 359 12 -17.5645833333333 0
2016 360 12 -9.58958333333333 0
2016 361 12 -7.78125 0.02
2016 362 12 -9.88333333333333 1.13
2016 363 12 -10.01875 0.01
2016 364 12 -9.13333333333333 0.67
2016 365 12 -11.9895833333333 0
2016 366 12 -10.7166666666667 0
2017 1 12 -11.5708333333333 0
2017 2 12 -9.14791666666667 0.02
2017 3 12 -13.7145833333333 0.08
2017 4 12 -14.0583333333333 0
2017 5 12 -16.5270833333333 0
2017 6 12 -16.93125 0
2017 7 12 -17.7979166666667 0
2017 8 12 -17.1958333333333 0
2017 9 12 -13.08125 0
2017 10 12 -10.0166666666667 0
2017 11 12 -12.7666666666667 0
2017 12 12 -16.0083333333333 0
2017 13 12 -18.025 0.02
2017 14 12 -15.2416666666667 0
2017 15 12 -14.2770833333333 0
2017 16 12 -12.4354166666667 0
2017 17 12 -13.4145833333333 0
2017 18 12 -14.05 0
2017 19 12 -15.3541666666667 0
2017 20 12 -13.0895833333333 0.01
2017 21 12 -12.09375 0
2017 22 12 -11.8395833333333 0.12
2017 23 12 -14.0645833333333 0.05
2017 24 12 -18.91875 0
2017 25 12 -16.2708333333333 0
2017 26 12 -10.9583333333333 0
2017 27 12 -12.2166666666667 0.01
2017 28 12 -10.2083333333333 0
2017 29 12 -10.8916666666667 0
2017 30 12 -9.71666666666667 0
2017 31 12 -16.08125 0.01
2017 32 12 -14.8375 0.32
2017 33 12 -11.2854166666667 0
2017 34 12 -12.43125 0.15
2017 35 12 -19.075 0.06
2017 36 12 -16.96875 0
2017 37 12 -14.0833333333333 0
2017 38 12 -12.6229166666667 0
2017 39 12 -13.4 0
2017 40 12 -13.7604166666667 0
2017 41 12 -12.31875 0.01
2017 42 12 -13.28125 0
2017 43 12 -13.9020833333333 0
2017 44 12 -11.3520833333333 0.02
2017 45 12 -6.93333333333333 3.02
2017 46 12 -10.28125 0.15
2017 47 12 -7.94583333333333 0.64
2017 48 12 -6.05 0.06
2017 49 12 -7.6875 0.05
2017 50 12 -18.95 0
2017 51 12 -16.6583333333333 0
2017 52 12 -14.0354166666667 0
2017 53 12 -13.4 0
2017 54 12 -11.7145833333333 0
2017 55 12 -11.2604166666667 0
2017 56 12 -13.05 0.3
2017 57 12 -11.54375 0
2017 58 12 -8.2375 0
2017 59 12 -9.03125 0
2017 60 12 -10.0625 0
2017 61 12 -15.8958333333333 0
2017 62 12 -18.85625 0
2017 63 12 -16.0083333333333 0
2017 64 12 -13.5166666666667 0
2017 65 12 -14.8791666666667 0.03
2017 66 12 -15.7833333333333 0
2017 67 12 -14.1333333333333 0
2017 68 12 -15.2958333333333 0
2017 69 12 -17.9916666666667 0
2017 70 12 -18.9520833333333 0
2017 71 12 -19.0395833333333 0
2017 72 12 -18.6229166666667 0
2017 73 12 -16.5895833333333 0
2017 74 12 -9.35625 0
2017 75 12 -10.5229166666667 0
2017 76 12 -11.5333333333333 0
2017 77 12 -10.7375 0
2017 78 12 -10.9354166666667 0
2017 79 12 -6.26875 0
2017 80 12 -4.36666666666667 0.01
2017 81 12 -5.38958333333333 0.03
2017 82 12 -5.62083333333333 0
2017 83 12 -3.86458333333333 0
2017 84 12 -2.525 0.01
2017 85 12 -3.37083333333333 2.32
2017 86 12 -4.50625 0.29
2017 87 12 -4.56458333333333 0
2017 88 12 -4.04166666666667 0.05
2017 89 12 -6.02083333333333 0.01
2017 90 12 -4.35208333333333 0
2017 91 12 -5.95 0
2017 92 12 -5.675 0.27
2017 93 12 -8.46041666666667 0.01
2017 94 12 -9.78958333333333 0
2017 95 12 -11.39375 0
2017 96 12 -12.80625 0
2017 97 12 -9.05625 0
2017 98 12 -6.43958333333333 0
2017 99 12 -5.11875 0
2017 100 12 -5.18333333333333 0
2017 101 12 -4.47916666666667 0.56
2017 102 12 -3.925 0.41
2017 103 12 -7.90208333333333 2.35
2017 104 12 -3.84583333333333 0
2017 105 12 3.43958333333333 0
2017 106 12 2.63958333333333 1.05
2017 107 12 0.154166666666667 2.14
2017 108 12 -1.64791666666667 0.25
2017 109 12 -1.92291666666667 0
2017 110 12 -0.441666666666667 0.03
2017 111 12 -3.35833333333333 0.03
2017 112 12 -6.33958333333333 0
2017 113 12 -2.74791666666667 0
2017 114 12 2.16875 0
2017 115 12 3.73541666666667 0
2017 116 12 2.70416666666667 0
2017 117 12 -0.6125 0.01
2017 118 12 -9.85833333333333 0.01
2017 119 12 -11.7520833333333 0
2017 120 12 -10.5416666666667 0
2017 121 12 -5.91458333333333 0
2017 122 12 -3.40208333333333 0
2017 123 12 -0.127083333333333 0
2017 124 12 -0.825 0
2017 125 12 -1.16666666666667 0.01
2017 126 12 -0.0208333333333333 4.97
2017 127 12 -0.633333333333333 0.06
2017 128 12 0.704166666666667 0
2017 129 12 1.9375 0
2017 130 12 1.875 0.45
2017 131 12 2.88333333333333 0.08
2017 132 12 5.52291666666667 0
2017 133 12 5.75208333333333 0
2017 134 12 5.66458333333333 0
2017 135 12 4.9 1.19
2017 136 12 3.52708333333333 0.26
2017 137 12 2.60416666666667 0.15
2017 138 12 -0.577083333333333 4.55
2017 139 12 -0.31875 0.03
2017 140 12 2.26041666666667 0
2017 141 12 5.3 0
2017 142 12 6.55 0
2017 143 12 3.53333333333333 2.05
2017 144 12 4.16458333333333 0
2017 145 12 3.60208333333333 0.28
2017 146 12 2.20416666666667 0
2017 147 12 3.6125 0.11
2017 148 12 2.4375 0.25
2017 149 12 3.5125 5.73
2017 150 12 0.802083333333333 3.37
2017 151 12 2.075 0
2017 152 12 1.85208333333333 0
2017 153 12 2.87916666666667 0
2017 154 12 5.46041666666667 0
2017 155 12 2.91458333333333 17.79
2017 156 12 3.775 0
2017 157 12 0.710416666666667 2.8
2017 158 12 1.25208333333333 0
2017 159 12 5.09791666666667 0
2017 160 12 4.29583333333333 0
2017 161 12 3.6625 0.05
2017 162 12 3.83541666666667 0.06
2017 163 12 4.12083333333333 1.74
2017 164 12 4.71458333333333 0.12
2017 165 12 5.33958333333333 13.38
2017 166 12 5.67708333333333 1
2017 167 12 7.6 0
2017 168 12 7.4125 0
2017 169 12 6.94375 0.08
2017 170 12 6.22916666666667 11.23
2017 171 12 6.525 0
2017 172 12 8.00208333333333 0
2017 173 12 8.94791666666667 0
2017 174 12 8.13125 34.49
2017 175 12 5.54791666666667 0.15
2017 176 12 3.64583333333333 0.05
2017 177 12 5.28125 7.11
2017 178 12 3.25416666666667 3.96
2017 179 12 3.59791666666667 0
2017 180 12 5.675 0
2017 181 12 6.65625 0
2017 182 12 5.04583333333333 6.24
2017 183 12 6.45 0
2017 184 12 8.14166666666667 0
2017 185 12 9.69166666666667 0
2017 186 12 8.90208333333333 0
2017 187 12 9.96666666666667 0
2017 188 12 11.1583333333333 0
2017 189 12 12.6458333333333 0
2017 190 12 11.9854166666667 0
2017 191 12 10.6895833333333 0.01
2017 192 12 9.15625 0
2017 193 12 6.2625 4.38
2017 194 12 4.14583333333333 13.96
2017 195 12 3.70208333333333 0
2017 196 12 4.30416666666667 0
2017 197 12 6.47708333333333 0
2017 198 12 5.20416666666667 0
2017 199 12 6.375 0
2017 200 12 6.62291666666667 0
2017 201 12 7.38125 0
2017 202 12 8.80208333333333 0
2017 203 12 10.0458333333333 0
2017 204 12 8.12916666666667 4.91
2017 205 12 8.72083333333333 1.7
2017 206 12 9.50625 1.4
2017 207 12 10.5520833333333 0
2017 208 12 10.4979166666667 0.04
2017 209 12 11.0729166666667 0
2017 210 12 11.2208333333333 0.02
2017 211 12 11.2 0
2017 212 12 11.5375 0
2017 213 12 11.1416666666667 0
2017 214 12 10.0854166666667 0
2017 215 12 6.78958333333333 2.05
2017 216 12 3.45625 21.04
2017 217 12 6.3 0
2017 218 12 10.7854166666667 0
2017 219 12 11.8333333333333 0
2017 220 12 12.4333333333333 0
2017 221 12 12.2291666666667 0
2017 222 12 10.06875 0
2017 223 12 4.23541666666667 5.96
2017 224 12 2.57291666666667 0
2017 225 12 4.66458333333333 0
2017 226 12 4.86458333333333 0
2017 227 12 4.00625 0
2017 228 12 3.4375 0
2017 229 12 0.6125 0.13
2017 230 12 4.28958333333333 0
2017 231 12 6.25625 0
2017 232 12 4.65416666666667 0.01
2017 233 12 5.09583333333333 0
2017 234 12 5.57083333333333 0
2017 235 12 6.20416666666667 0
2017 236 12 6.93125 0
2017 237 12 6.68541666666667 0
2017 238 12 6.8125 0
2017 239 12 7.29166666666667 0
2017 240 12 7.40208333333333 0
2017 241 12 7.13958333333333 0.03
2017 242 12 8.3875 0
2017 243 12 8.91875 0
2017 244 12 8.37291666666667 0
2017 245 12 7.12916666666667 0.15
2017 246 12 6.93958333333333 1.91
2017 247 12 5.29583333333333 0.18
2017 248 12 4.83958333333333 0
2017 249 12 5.14166666666667 0.03
2017 250 12 5.475 0
2017 251 12 7.08333333333333 0
2017 252 12 6.07083333333333 0
2017 253 12 4.74166666666667 0
2017 254 12 3.6 0
2017 255 12 2.5875 0
2017 256 12 3.13958333333333 0
2017 257 12 3.35208333333333 0
2017 258 12 5.15416666666667 0
2017 259 12 6.00416666666667 0
2017 260 12 4.98541666666667 0.1
2017 261 12 2.03541666666667 0
2017 262 12 3.3375 0
2017 263 12 5.48958333333333 0
2017 264 12 3.9 0
2017 265 12 3.525 0
2017 266 12 2.18333333333333 0
2017 267 12 -0.175 0
2017 268 12 -0.53125 0.01
2017 269 12 -0.46875 0.05
2017 270 12 -1.87291666666667 3.39
2017 271 12 -2.45625 1.26
2017 272 12 -4.27708333333333 1.07
2017 273 12 -8.51041666666667 0
2017 274 12 -4.39166666666667 0
2017 275 12 -1.47083333333333 6.25
2017 276 12 -1.39791666666667 63.69
2017 277 12 -4.91041666666667 26.11
2017 278 12 -6.41458333333333 0
2017 279 12 -5.2 0
2017 280 12 -5.34166666666667 0
2017 281 12 -0.6 0
2017 282 12 3.26875 0
2017 283 12 3.03958333333333 0
2017 284 12 1.83125 0
2017 285 12 -0.408333333333333 0
2017 286 12 -1.62291666666667 0
2017 287 12 -1.76875 0
2017 288 12 -2.08125 0
2017 289 12 -3.42916666666667 0.08
2017 290 12 -1.17291666666667 0
2017 291 12 -7.69375 0.88
2017 292 12 -9.81041666666667 0.06
2017 293 12 -2.44791666666667 0
2017 294 12 -1.73125 0
2017 295 12 -4.77291666666667 0
2017 296 12 -3.79166666666667 0
2017 297 12 -5.62291666666667 0.11
2017 298 12 -5.17916666666667 0
2017 299 12 -4.225 0
2017 300 12 -2.8625 0
2017 301 12 -3.32708333333333 0
2017 302 12 -1.97083333333333 0
2017 303 12 0.0375 0.03
2017 304 12 1.70625 0.01
2017 305 12 1.74583333333333 0
2017 306 12 1.73958333333333 0
2017 307 12 -0.752083333333333 0.14
2017 308 12 -4.79791666666667 0.01
2017 309 12 -2.56458333333333 0
2017 310 12 -3.27708333333333 0.13
2017 311 12 -6.26041666666667 0
2017 312 12 -7.73333333333333 0
2017 313 12 -7.41041666666667 0.04
2017 314 12 -7.975 0
2017 315 12 -4.02916666666667 0
2017 316 12 -3.43333333333333 0
2017 317 12 -4.79791666666667 0
2017 318 12 -6.62916666666667 0
2017 319 12 -9.78958333333333 0
2017 320 12 -10.3541666666667 0
2017 321 12 -6.92916666666667 0
2017 322 12 -8.675 0
2017 323 12 -11.7520833333333 0.01
2017 324 12 -8.61666666666667 0
2017 325 12 -7.33958333333333 0
2017 326 12 -4.9 0
2017 327 12 -3.57916666666667 0
2017 328 12 -3.54375 0
2017 329 12 -4.92708333333333 0
2017 330 12 -10.6104166666667 0
2017 331 12 -14.4645833333333 0
2017 332 12 -10.03125 0
2017 333 12 -10.7041666666667 0.01
2017 334 12 -13.7104166666667 0
2017 335 12 -12.1166666666667 0
2017 336 12 -15.8395833333333 0.08
2017 337 12 -17.9104166666667 0
2017 338 12 -17.4 0
2017 339 12 -15.4520833333333 0
2017 340 12 -15.7041666666667 0
2017 341 12 -7.3875 0
2017 342 12 -1.65208333333333 0
2017 343 12 -11.3583333333333 0.57
2017 344 12 -14.0083333333333 3.48
2017 345 12 -12.03125 0
2017 346 12 -14.06875 0
2017 347 12 -14.2645833333333 0
2017 348 12 -14.6291666666667 0
2017 349 12 -13.7625 0
2017 350 12 -14.625 0
2017 351 12 -13.675 0
2017 352 12 -10.55625 0
2017 353 12 -9.43958333333333 0.03
2017 354 12 -9.56458333333333 0.02
2017 355 12 -10.2166666666667 0
2017 356 12 -12.8020833333333 0
2017 357 12 -10.4604166666667 0
2017 358 12 -7.70416666666667 0.03
2017 359 12 -6.36666666666667 1.24
2017 360 12 -9.9875 1.95
2017 361 12 -20.0229166666667 1.64
2017 362 12 -12.0020833333333 0
2017 363 12 -7.68958333333333 0
2017 364 12 -7.2375 0
2017 365 12 -8.65208333333333 0
2018 1 12 -10.6395833333333 0
2018 2 12 -9.1625 0
2018 3 12 -6.8625 0
2018 4 12 -11.1229166666667 0
2018 5 12 -12.8041666666667 0
2018 6 12 -12.6583333333333 0
2018 7 12 -12.8583333333333 0
2018 8 12 -12.9541666666667 0
2018 9 12 -13.3770833333333 0
2018 10 12 -11.1125 0.06
2018 11 12 -14.9541666666667 0.95
2018 12 12 -15.3375 0.27
2018 13 12 -12.44375 0.09
2018 14 12 -12.7333333333333 0.48
2018 15 12 -12.8041666666667 0.9
2018 16 12 -12.6958333333333 0
2018 17 12 -13.8854166666667 0
2018 18 12 -13.1770833333333 0
2018 19 12 -12.0541666666667 0
2018 20 12 -7.80416666666667 0
2018 21 12 -6.21666666666667 0
2018 22 12 -9.37708333333333 0
2018 23 12 -12.7729166666667 0
2018 24 12 -12.2104166666667 0
2018 25 12 -13.9166666666667 0
2018 26 12 -18.0958333333333 0
2018 27 12 -22.5854166666667 0
2018 28 12 -22.3166666666667 0
2018 29 12 -14.0875 0
2018 30 12 -11.4666666666667 0
2018 31 12 -13.1604166666667 0
2018 32 12 -13.6166666666667 0
2018 33 12 -14.00625 0
2018 34 12 -19.7604166666667 0
2018 35 12 -17.9291666666667 0
2018 36 12 -14.4 0
2018 37 12 -20.5854166666667 1.63
2018 38 12 -23.3833333333333 0
2018 39 12 -19.4375 0
2018 40 12 -13.925 0
2018 41 12 -9.49166666666667 0
2018 42 12 -13.1895833333333 0
2018 43 12 -12.0708333333333 0
2018 44 12 -11.2458333333333 0
2018 45 12 -9.57916666666667 0.09
2018 46 12 -12.4708333333333 0
2018 47 12 -15.86875 0
2018 48 12 -17.8541666666667 0
2018 49 12 -16.4416666666667 0
2018 50 12 -9.80208333333333 0
2018 51 12 -3.78958333333333 0
2018 52 12 -9.04583333333333 0.02
2018 53 12 -10.8541666666667 0
2018 54 12 -6.8 0
2018 55 12 -6.85625 0
2018 56 12 -6.45625 0
2018 57 12 -3.3 0.07
2018 58 12 -7.23333333333333 0.03
2018 59 12 -7.19791666666667 0.01
2018 60 12 -7.20208333333333 0.06
2018 61 12 -11.04375 0
2018 62 12 -11.2583333333333 0
2018 63 12 -9.48333333333333 0.17
2018 64 12 -7.82708333333333 0
2018 65 12 -5.29375 0.15
2018 66 12 -8.05416666666667 0.06
2018 67 12 -5.28958333333333 0
2018 68 12 -5.22291666666667 0.07
2018 69 12 -3.37083333333333 0.23
2018 70 12 -5.27708333333333 1.19
2018 71 12 -7.19583333333333 0.01
2018 72 12 -7.8375 0
2018 73 12 -11.675 0.08
2018 74 12 -14.6875 0.02
2018 75 12 -14.8 0.03
2018 76 12 -8.73958333333333 0
2018 77 12 -2.88541666666667 0
2018 78 12 -2.86041666666667 0
2018 79 12 -2.4125 0
2018 80 12 -2.46875 0
2018 81 12 -2.83541666666667 0
2018 82 12 -5.47291666666667 0.08
2018 83 12 -5.12708333333333 0.05
2018 84 12 0.760416666666667 0.01
2018 85 12 -2.12291666666667 1.09
2018 86 12 -5.21458333333333 0.03
2018 87 12 -6.7125 0
2018 88 12 -6.31458333333333 0.01
2018 89 12 0.48125 0
2018 90 12 3.98541666666667 0.12
2018 91 12 -2.3125 1.27
2018 92 12 -2.93333333333333 0
2018 93 12 -1.54375 0
2018 94 12 -1.1875 0
2018 95 12 -0.51875 0
2018 96 12 0.0791666666666667 0.14
2018 97 12 -3.22708333333333 0.92
2018 98 12 -6.90833333333333 0
2018 99 12 -6.90208333333333 0
2018 100 12 -10.0770833333333 0
2018 101 12 -7.99791666666667 0
2018 102 12 -4.47708333333333 0
2018 103 12 -3.12083333333333 0
2018 104 12 -1.07291666666667 0
2018 105 12 -1.39583333333333 0.13
2018 106 12 -3.27916666666667 0.01
2018 107 12 -2.67083333333333 0
2018 108 12 -9.22083333333333 0.01
2018 109 12 -10.8354166666667 0.04
2018 110 12 -8.30208333333333 0.03
2018 111 12 -4.5875 0
2018 112 12 -1.11875 0
2018 113 12 0.15 0.12
2018 114 12 2.34166666666667 0.07
2018 115 12 -3.64791666666667 0
2018 116 12 -3.57916666666667 0
2018 117 12 -2.04791666666667 0
2018 118 12 1.79791666666667 0
2018 119 12 3.89375 0
2018 120 12 1.84375 0.11
2018 121 12 -2.19166666666667 0.72
2018 122 12 -1.175 0
2018 123 12 0.489583333333333 0
2018 124 12 -0.504166666666667 0
2018 125 12 -1.5375 0
2018 126 12 -3.31666666666667 0.01
2018 127 12 -2.82291666666667 0
2018 128 12 -1.26875 0
2018 129 12 0.454166666666667 0
2018 130 12 4.3 1.18
2018 131 12 7.63125 0.01
2018 132 12 2.39583333333333 6.82
2018 133 12 -0.00208333333333333 2.31
2018 134 12 -0.81875 0
2018 135 12 -0.314583333333333 0.01
2018 136 12 -0.820833333333333 0.05
2018 137 12 -1.43125 0.03
2018 138 12 -1.23541666666667 0
2018 139 12 -0.7125 0
2018 140 12 1.02083333333333 0
2018 141 12 1.53541666666667 0
2018 142 12 0.466666666666667 0.01
2018 143 12 -2.54166666666667 0.01
2018 144 12 1 0
2018 145 12 4.08333333333333 0
2018 146 12 5.04375 0
2018 147 12 3.8 0.1
2018 148 12 -1.06666666666667 6.09
2018 149 12 1.13958333333333 0
2018 150 12 -1.3 0.24
2018 151 12 0.302083333333333 0.05
2018 152 12 3.04375 0.42
2018 153 12 4.32708333333333 18.48
2018 154 12 3.34375 10.47
2018 155 12 2.57291666666667 0.24
2018 156 12 4.00416666666667 0
2018 157 12 5.4375 0
2018 158 12 6.14375 0.17
2018 159 12 1.9875 1.29
2018 160 12 2.17708333333333 0.59
2018 161 12 3.29375 0.33
2018 162 12 1.62916666666667 0.56
2018 163 12 3.61666666666667 1.98
2018 164 12 4.80416666666667 0
2018 165 12 2.77291666666667 11.48
2018 166 12 0.366666666666667 0.45
2018 167 12 3.25625 0
2018 168 12 4.70208333333333 0
2018 169 12 5.06875 0
2018 170 12 5.12291666666667 0.36
2018 171 12 1.93125 4.28
2018 172 12 3.1625 0
2018 173 12 3.97291666666667 0
2018 174 12 4.27916666666667 0.7
2018 175 12 0.214583333333333 3.61
2018 176 12 0.691666666666667 1.29
2018 177 12 1.39375 1.64
2018 178 12 4.15625 0
2018 179 12 5.29791666666667 0
2018 180 12 6.26458333333333 0
2018 181 12 6.96458333333333 0
2018 182 12 7.09375 0
2018 183 12 6.55208333333333 0.35
2018 184 12 5.125 0
2018 185 12 5.38958333333333 0
2018 186 12 7.0125 0
2018 187 12 8.93958333333333 0
2018 188 12 9.7 0
2018 189 12 10.9395833333333 0
2018 190 12 11.075 0
2018 191 12 10.5104166666667 0
2018 192 12 7.98541666666667 1.77
2018 193 12 7.68333333333333 0
2018 194 12 7.30833333333333 0.25
2018 195 12 5.52083333333333 5.97
2018 196 12 8.27291666666667 0
2018 197 12 9.725 0
2018 198 12 9.175 0
2018 199 12 10.4270833333333 0
2018 200 12 11.775 0
2018 201 12 11.56875 0
2018 202 12 11.1875 0
2018 203 12 11.8979166666667 0
2018 204 12 11.1625 1.06
2018 205 12 10.1458333333333 0
2018 206 12 9.21666666666667 0
2018 207 12 7.675 0
2018 208 12 5.76041666666667 6.58
2018 209 12 3.31041666666667 0.93
2018 210 12 2.94791666666667 0.19
2018 211 12 5.72708333333333 0
2018 212 12 7.03541666666667 0
2018 213 12 5.80833333333333 0
2018 214 12 4.7875 0.08
2018 215 12 6.56458333333333 0
2018 216 12 8.41666666666667 0
2018 217 12 10.10625 0
2018 218 12 10.7833333333333 0
2018 219 12 9.63125 0
2018 220 12 9.27083333333333 0
2018 221 12 9.66666666666667 0
2018 222 12 10.1291666666667 0.01
2018 223 12 9.32291666666667 3.28
2018 224 12 5.55833333333333 7.93
2018 225 12 7.74583333333333 0
2018 226 12 9.35 0.06
2018 227 12 10.4354166666667 0
2018 228 12 10.0104166666667 0
2018 229 12 8.9875 0.44
2018 230 12 8.6625 0
2018 231 12 8.27916666666667 0
2018 232 12 7.83958333333333 11.18
2018 233 12 6.28333333333333 0.61
2018 234 12 5.8 0
2018 235 12 5.63125 0
2018 236 12 4.60208333333333 0
2018 237 12 4.5375 0
2018 238 12 3.82291666666667 0
2018 239 12 3.50833333333333 0
2018 240 12 3.56875 0
2018 241 12 2.56666666666667 0
2018 242 12 2.01666666666667 0
2018 243 12 4.19791666666667 0
2018 244 12 3.22916666666667 0
2018 245 12 1.9125 0
2018 246 12 2.97083333333333 0
2018 247 12 4.80416666666667 0
2018 248 12 5.35208333333333 0
2018 249 12 4.87291666666667 0
2018 250 12 4.65625 0
2018 251 12 4.71666666666667 0
2018 252 12 5.61041666666667 0
2018 253 12 5.64583333333333 0.05
2018 254 12 3.9 0
2018 255 12 2.35208333333333 0
2018 256 12 1.93541666666667 0
2018 257 12 2.10625 0
2018 258 12 1.92083333333333 0.01
2018 259 12 3.23125 0
2018 260 12 4.38333333333333 0
2018 261 12 5.3125 0
2018 262 12 4.44583333333333 0
2018 263 12 0.858333333333333 2.88
2018 264 12 -0.322916666666667 0.19
2018 265 12 0.427083333333333 0
2018 266 12 -1.41041666666667 0
2018 267 12 -2.33125 0
2018 268 12 1.9625 0
2018 269 12 3.06666666666667 0
2018 270 12 -0.6625 1.28
2018 271 12 -0.5 0
2018 272 12 1.60416666666667 0
2018 273 12 3.29375 0
2018 274 12 1.84791666666667 0
2018 275 12 1.64583333333333 0
2018 276 12 3.2875 0
2018 277 12 3.575 0
2018 278 12 3.07916666666667 0
2018 279 12 0.735416666666667 0.01
2018 280 12 -1.875 0.05
2018 281 12 -2.19166666666667 0
2018 282 12 -2.47083333333333 0
2018 283 12 -3.43541666666667 0.03
2018 284 12 -5.20416666666667 0
2018 285 12 -4.55625 0
2018 286 12 -7.51875 1.19
2018 287 12 -10.2645833333333 0.06
2018 288 12 -8.65208333333333 1.17
2018 289 12 -13.5166666666667 0.25
2018 290 12 -16.9145833333333 0
2018 291 12 -9.50625 0
2018 292 12 -10.0895833333333 0
2018 293 12 -7.4875 0
2018 294 12 -4.5625 0
2018 295 12 -3.5 0
2018 296 12 -4.98333333333333 0
2018 297 12 -4.80208333333333 0
2018 298 12 -3.48541666666667 0
2018 299 12 -1.19166666666667 0
2018 300 12 1.86458333333333 0
2018 301 12 -2.0375 1.4
2018 302 12 -1.04791666666667 0
2018 303 12 -2.83541666666667 0
2018 304 12 -5.79375 0
2018 305 12 -11.3791666666667 0
2018 306 12 -14.1291666666667 0
2018 307 12 -13.4291666666667 0
2018 308 12 -12.4416666666667 0
2018 309 12 -9.52083333333333 0
2018 310 12 -3.4375 0.03
2018 311 12 -7.27916666666667 0.17
2018 312 12 -12.2375 0.03
2018 313 12 -9.17083333333333 0
2018 314 12 -9.59166666666667 0
2018 315 12 -9.62291666666667 0.01
2018 316 12 -12.93125 0
2018 317 12 -15.2625 0
2018 318 12 -14.5645833333333 0
2018 319 12 -14.225 0
2018 320 12 -11.98125 0
2018 321 12 -10.2625 0
2018 322 12 -11.5708333333333 0
2018 323 12 -8.74583333333333 0
2018 324 12 -9.50625 0.04
2018 325 12 -6.80416666666667 0
2018 326 12 -8.02291666666667 1.21
2018 327 12 -6.64583333333333 1.82
2018 328 12 -7.36458333333333 3.61
2018 329 12 -9.90208333333333 0
2018 330 12 -2.90208333333333 0.01
2018 331 12 -5.45625 0.09
2018 332 12 -8.30208333333333 0
2018 333 12 -6.5375 0
2018 334 12 -8.14583333333333 0.45
2018 335 12 -14.4729166666667 0
2018 336 12 -9.75 0
2018 337 12 -7.28958333333333 0
2018 338 12 -7.27083333333333 0
2018 339 12 -7.42916666666667 0
2018 340 12 -8.77708333333333 0
2018 341 12 -6.93541666666667 0
2018 342 12 -6.90625 0.01
2018 343 12 -8.17708333333333 0
2018 344 12 -10.2375 0
2018 345 12 -12.6020833333333 0
2018 346 12 -13.4166666666667 0
2018 347 12 -13.43125 0
2018 348 12 -9.375 0
2018 349 12 -8.76666666666667 0
2018 350 12 -12.0270833333333 0.31
2018 351 12 -11.2229166666667 0.31
2018 352 12 -11.6916666666667 2.48
2018 353 12 -11.2083333333333 0
2018 354 12 -16.8395833333333 0
2018 355 12 -14.0333333333333 0
2018 356 12 -12.0270833333333 0
2018 357 12 -11.9791666666667 0
2018 358 12 -13.2583333333333 0
2018 359 12 -13.5625 0
2018 360 12 -13.125 0
2018 361 12 -13.53125 0
2018 362 12 -7.28541666666667 0
2018 363 12 -6.62083333333333 0
2018 364 12 -10.8708333333333 0
2018 365 12 -11.70625 0
2019 1 12 -9.99166666666667 0
2019 2 12 -13.59375 0
2019 3 12 -14.1104166666667 0
2019 4 12 -12.95625 0
2019 5 12 -15.8520833333333 0
2019 6 12 -14.39375 0
2019 7 12 -9.325 0
2019 8 12 -10.7333333333333 0.01
2019 9 12 -14.1166666666667 0.02
2019 10 12 -12.475 0
2019 11 12 -13.6604166666667 0
2019 12 12 -17.30625 0
2019 13 12 -13.3583333333333 0
2019 14 12 -8.48958333333333 0.01
2019 15 12 -8.54375 0.18
2019 16 12 -13.0104166666667 0
2019 17 12 -11.9916666666667 0
2019 18 12 -6.09166666666667 0
2019 19 12 -7.3125 0
2019 20 12 -8.72916666666667 0
2019 21 12 -15.85625 0.01
2019 22 12 -13.9645833333333 0
2019 23 12 -14.575 0
2019 24 12 -16.0604166666667 0
2019 25 12 -14.7041666666667 0
2019 26 12 -14.3895833333333 0
2019 27 12 -15.5520833333333 0
2019 28 12 -13.7520833333333 0
2019 29 12 -10.4666666666667 0
2019 30 12 -7.6 0
2019 31 12 -11.7916666666667 0
2019 32 12 -13.5625 0
2019 33 12 -12.3208333333333 0
2019 34 12 -12.1645833333333 0
2019 35 12 -11.6854166666667 0
2019 36 12 -13.1604166666667 0
2019 37 12 -17.73125 0
2019 38 12 -18.7125 0
2019 39 12 -17.4104166666667 0
2019 40 12 -11.5479166666667 0.01
2019 41 12 -9.73541666666667 0
2019 42 12 -9.53958333333333 0
2019 43 12 -8.70833333333333 0
2019 44 12 -5.33125 0.08
2019 45 12 -10.7229166666667 0
2019 46 12 -14.9479166666667 0
2019 47 12 -11.21875 0
2019 48 12 -10.0354166666667 0.06
2019 49 12 -14.8583333333333 0
2019 50 12 -13.30625 0
2019 51 12 -13.54375 0.22
2019 52 12 -18.48125 0
2019 53 12 -11.3979166666667 0
2019 54 12 -10.9520833333333 0
2019 55 12 -13.7833333333333 0
2019 56 12 -14.9916666666667 0
2019 57 12 -15.05 0
2019 58 12 -14.2645833333333 0
2019 59 12 -11.7104166666667 0
2019 60 12 -9.78125 0
2019 61 12 -8.1375 0
2019 62 12 -10.8979166666667 0.01
2019 63 12 -11.1708333333333 0
2019 64 12 -11.9729166666667 0
2019 65 12 -11.1041666666667 0
2019 66 12 -10.9604166666667 0
2019 67 12 -10.7229166666667 0
2019 68 12 -12.4125 0
2019 69 12 -12.88125 0
2019 70 12 -9.84166666666667 0
2019 71 12 -8.86666666666667 0
2019 72 12 -8.52708333333333 0
2019 73 12 -8.73333333333333 0
2019 74 12 -8.21875 0
2019 75 12 -4.25833333333333 0
2019 76 12 -4.26458333333333 0
2019 77 12 -4.18333333333333 0
2019 78 12 -4.23541666666667 0
2019 79 12 -6.18958333333333 0
2019 80 12 -6.91041666666667 0
2019 81 12 -7.32916666666667 0
2019 82 12 -7.22291666666667 0
2019 83 12 -9.19375 0
2019 84 12 -7.24166666666667 0.1
2019 85 12 -3.3 0
2019 86 12 -1.56666666666667 3.46
2019 87 12 -2.5875 0
2019 88 12 -2.9875 0.06
2019 89 12 -6.53125 0.01
2019 90 12 -5.21458333333333 0
2019 91 12 -6.25625 1.28
2019 92 12 -3.0125 0
2019 93 12 0.329166666666667 0.39
2019 94 12 -0.90625 0
2019 95 12 -2.35208333333333 0.01
2019 96 12 -5.03125 0.06
2019 97 12 -2.425 0
2019 98 12 -2.08958333333333 0.07
2019 99 12 -0.8 0.09
2019 100 12 -1.84166666666667 0.23
2019 101 12 -2.67291666666667 0.01
2019 102 12 -3.85833333333333 0
2019 103 12 -0.5625 0
2019 104 12 0.752083333333333 0
2019 105 12 1 0.45
2019 106 12 -2.17708333333333 0.34
2019 107 12 -3.3125 0
2019 108 12 -0.929166666666667 0
2019 109 12 -0.816666666666667 0.44
2019 110 12 -1.34166666666667 0.97
2019 111 12 -1.66875 0.72
2019 112 12 -4.36666666666667 0.28
2019 113 12 -1.94375 0.99
2019 114 12 -3.44791666666667 0
2019 115 12 -8.22916666666667 0.03
2019 116 12 -9.21458333333333 0.01
2019 117 12 -8.425 0
2019 118 12 -6.925 0
2019 119 12 -4.25625 0
2019 120 12 -5.32083333333333 0
2019 121 12 -5 0.06
2019 122 12 -4.59375 0.01
2019 123 12 -6.06666666666667 0
2019 124 12 -3.37916666666667 0
2019 125 12 -0.377083333333333 0
2019 126 12 0.66875 0
2019 127 12 1.17708333333333 0
2019 128 12 2.82083333333333 0
2019 129 12 2.80833333333333 0
2019 130 12 2.6625 0
2019 131 12 2.36458333333333 0
2019 132 12 0.177083333333333 0
2019 133 12 0.508333333333333 0
2019 134 12 1.39583333333333 0
2019 135 12 1.4 0
2019 136 12 0.764583333333333 0
2019 137 12 1.02708333333333 0.88
2019 138 12 -0.70625 1.52
2019 139 12 -0.916666666666667 3.36
2019 140 12 1.63125 0
2019 141 12 1.24375 0.34
2019 142 12 0.847916666666667 3.12
2019 143 12 1.23541666666667 0
2019 144 12 0.595833333333333 0
2019 145 12 -2.51875 0
2019 146 12 -0.727083333333333 0
2019 147 12 1.40833333333333 0
2019 148 12 3.21666666666667 0
2019 149 12 4.12708333333333 0
2019 150 12 4.6 0
2019 151 12 3.7 0.74
2019 152 12 1.48333333333333 2.03
2019 153 12 1.5625 0.45
2019 154 12 1.46041666666667 7.38
2019 155 12 2.44375 0.02
2019 156 12 1.68333333333333 0.81
2019 157 12 0.466666666666667 1.54
2019 158 12 2.475 0.71
2019 159 12 0.141666666666667 2.38
2019 160 12 0.560416666666667 0.23
2019 161 12 -2.67083333333333 0.2
2019 162 12 -2.32708333333333 0.03
2019 163 12 -0.0875 0.49
2019 164 12 2.84583333333333 0
2019 165 12 2.93333333333333 0
2019 166 12 0.9125 1.13
2019 167 12 3.03333333333333 0.12
2019 168 12 3.61458333333333 0
2019 169 12 3.48958333333333 0
2019 170 12 3.02083333333333 0.14
2019 171 12 4.18125 0
2019 172 12 5.0375 0
2019 173 12 4.21458333333333 0.12
2019 174 12 3.97291666666667 0
2019 175 12 5.19375 3.03
2019 176 12 5.8125 0.24
2019 177 12 5.04375 1.96
2019 178 12 3.80625 0.53
2019 179 12 4.76458333333333 0.06
2019 180 12 5.26875 23.68
2019 181 12 6.78958333333333 15.14
2019 182 12 8.09166666666667 0
2019 183 12 9.08958333333333 2.32
2019 184 12 5.51041666666667 17.53
2019 185 12 5.82291666666667 0
2019 186 12 7.17291666666667 0
2019 187 12 5.5875 10.18
2019 188 12 7.07291666666667 0
2019 189 12 7.33333333333333 0
2019 190 12 6.49791666666667 3.87
2019 191 12 8.21666666666667 0
2019 192 12 10.2104166666667 0
2019 193 12 10.2041666666667 0
2019 194 12 9.91458333333333 0
2019 195 12 10.0916666666667 0
2019 196 12 10.7229166666667 0
2019 197 12 11.1479166666667 0
2019 198 12 9.99375 3.19
2019 199 12 10.2166666666667 0
2019 200 12 10.94375 0
2019 201 12 10.9916666666667 0
2019 202 12 9.03958333333333 8.7
2019 203 12 9.87708333333333 0.02
2019 204 12 11.49375 0
2019 205 12 11.0979166666667 0
2019 206 12 9.83541666666667 0
2019 207 12 9.49375 0
2019 208 12 9.30625 0
2019 209 12 10.775 0
2019 210 12 11.1625 0
2019 211 12 11.1604166666667 0.04
2019 212 12 11.1333333333333 0.06
2019 213 12 10.8229166666667 0
2019 214 12 7.64791666666667 1.84
2019 215 12 8.18125 0.81
2019 216 12 7.86875 9.23
2019 217 12 10.1916666666667 0
2019 218 12 10.93125 0
2019 219 12 11.9104166666667 0
2019 220 12 12.5354166666667 0.01
2019 221 12 6.57182804354492 0.0752599228359369
2019 222 12 8.1448712051518 0
2019 223 12 10.2244096902791 0.00669806206542688
2019 224 12 10.2244096902791 0.00204317543109838
2019 225 12 7.09487120515179 1.74192253884008
2019 226 12 3.25974586016559 1.28144409689914
2019 227 12 2.95220982827354 0.0847828970191433
2019 228 12 2.56861008892978 1.05086730781397
2019 229 12 2.04838048144741 0.675580397978399
2019 230 12 2.60672723091076 0.826064710164514
2019 231 12 3.78120975160994 0.0721329760892123
2019 232 12 5.44135809567617 0.0720086088890586
2019 233 12 6.17907850352653 0.340517394021144
2019 234 12 5.80122661760196 0.936840352015804
2019 235 12 3.57772155780436 1.96441545991526
2019 236 12 4.74632589696412 0.177187726733427
2019 237 12 6.96996128488194 0.0178911100792702
2019 238 12 7.63164098436063 0.29615383705199
2019 239 12 6.62702583563324 0.637897136331793
2019 240 12 6.55026257283042 0.150661979614906
2019 241 12 6.28557191045691 0.446584849009468
2019 242 12 4.12230527445568 0.0726659783755858
2019 243 12 3.4380634774609 0.000586302515010841
2019 244 12 2.12660418583257 0.172657207299252
2019 245 12 2.45352460901564 0.388576433509153
2019 246 12 2.88041245016866 0.201812432363882
2019 247 12 1.86810027598896 2.17756307423601
2019 248 12 1.42682842686292 1.44242855412682
2019 249 12 -1.90203350199325 1.14012742403865
2019 250 12 -0.824106869058571 0
2019 251 12 0.437597746090154 0.348405827859471
2019 252 12 -2.82913791781662 2.13918690961712
2019 253 12 -4.2571910456915 0.000621836000769073
2019 254 12 -2.38309759276296 0.000408635086219677
2019 255 12 -0.39556884391291 0.00920317281138229
2019 256 12 1.42682842686292 0.00429955177674617
2019 257 12 2.40898114075437 1.53270137469561
2019 258 12 -2.08561982520699 2.09325987927461
2019 259 12 -1.67771964121435 0.355725725925667
2019 260 12 0.484454538485127 0
2019 261 12 4.46369595216191 0.0470641018867791
2019 262 12 5.5286894357559 0.0988541573794034
2019 263 12 5.52325398650721 0.128009382444033
2019 264 12 6.31470791168353 0.194634668240719
2019 265 12 7.48319150567312 0.0626455353917642
2019 266 12 2.62079691812327 0.730142065360165
2019 267 12 2.85583026678933 1.33868854245566
2019 268 12 4.14104377491567 0.553274139998562
2019 269 12 4.20173451395278 0.121897622893617
2019 270 12 5.29619940202392 0.502674456278838
2019 271 12 2.60672723091076 1.09663443747058
2019 272 12 1.65883931309414 3.81119731522788
2019 273 12 -2.46980987427169 0.54426640135885
2019 274 12 -3.43640371051825 0.355352624325206
2019 275 12 -3.44681654400491 0.0723106435180035
2019 276 12 -1.27682651027292 0.0185307128229183
2019 277 12 -0.824106869058571 0.182109114510942
2019 278 12 -0.824106869058571 0.225086865535525
2019 279 12 0.343794081570071 0.121080352721178
2019 280 12 1 0.185822363772678
2019 281 12 -1.67771964121435 1.51672907284728
2019 282 12 -2.10703196872125 0
2019 283 12 -0.650264489420426 0
2019 284 12 -2.18467686292548 0.147606099839699
2019 285 12 0.325360318920577 0
2019 286 12 2.56861008892978 0
2019 287 12 -3.34211898190739 1.1263937317931
2019 288 12 -3.25146235817234 0
2019 289 12 -1.17408003679853 0
2019 290 12 -1.45291704998467 0.000763969943802005
2019 291 12 -1.37151563937442 0
2019 292 12 -0.571019242563631 0.000408635086219677
2019 293 12 -1.80779093836247 0.0625389349344895
2019 294 12 -3.81673183072677 0.295834035680166
2019 295 12 -5.0133107175713 0.151035081215368
2019 296 12 -4.36666666666667 0
2019 297 12 -3.81673183072677 0
2019 298 12 -3.43114842072984 0
2019 299 12 -2.62935832566697 0
2019 300 12 -2.32002644894204 0.935987548357607
2019 301 12 -4.2571910456915 0.0408812753648467
2019 302 12 -1.67771964121435 0.102656240355534
2019 303 12 -1.63644012572831 0.569530709732953
2019 304 12 -2.26218951241951 0.332024890924926
2019 305 12 -2.04594257896351 0.895461607850342
2019 306 12 -3.85160610242257 0.987440035735528
2019 307 12 -3.79054929469488 0.204548510767266
2019 308 12 -7.74911453541858 0.787244376973645
2019 309 12 -12.8614746243483 0.00268277817474657
2019 310 12 -11.9795346519473 0.000870570401076703
2019 311 12 -7.19939627414903 1.77667428791164e-05
2019 312 12 -7.36184260962895 3.55334857582328e-05
2019 313 12 -6.42419694878871 0
2019 314 12 -10.0801537105182 0.0237719019722577
2019 315 12 -10.718081110089 0
2019 316 12 -7.28134582950016 0
2019 317 12 -6.80154093836247 0
2019 318 12 -7.85853265869365 0.00577419143571282
2019 319 12 -10.0801537105182 0.00174114080215341
2019 320 12 -9.59014297761423 5.33002286373492e-05
2019 321 12 -7.74911453541858 0.00158124011624136
2019 322 12 -9.7582509199632 0.000159900685912047
2019 323 12 -9.98855029132168 0.0840011603324621
2019 324 12 -8.56602077583563 1.33966571331401
2019 325 12 -9.0355029132168 0.218779671813439
2019 326 12 -8.25770085863232 0.641894653479594
2019 327 12 -8.76973321067157 0.387208394307461
2019 328 12 -11.3945664673413 0.811158412888935
2019 329 12 -17.4116586169887 0.00582749166435017
2019 330 12 -18.8569399724011 0
2019 331 12 -18.8569399724011 0
2019 332 12 -18.0994499386691 0
2019 333 12 -13.9287871818461 0
2019 334 12 -9.85059989267096 0
2019 335 12 -8.68505826433609 1.15750329857443
2019 336 12 -7.68819380558111 1.00472707655691
2019 337 12 -5.28228112542165 0
2019 338 12 -3.43640371051825 0
2019 339 12 -6.2941908157007 0.742561018632667
2019 340 12 -9.04886154553818 1.24479130633953
2019 341 12 -11.7070243023612 0.00106600457274698
2019 342 12 -8.62745131861392 5.33002286373492e-05
2019 343 12 -5.416875574977 0.128169283129945
2019 344 12 -6.07657927016253 0.747002704352446
2019 345 12 -7.68819380558111 0.0734832485480254
2019 346 12 -9.81852384237964 0.611264788755997
2019 347 12 -11.6943901410611 0.704735623043028
2019 348 12 -15.4709099969335 0.312659141186689
2019 349 12 -19.7616241183686 0
2019 350 12 -13.5658923643054 0
2019 351 12 -13.7108498160074 0.0197921515673356
2019 352 12 -12.0277963048144 1.01039466753535
2019 353 12 -13.5166666666667 0.349862700775559
2019 354 12 -12.6052648727384 1.49750545705208
2019 355 12 -14.8388416130021 1.83066741952127
2019 356 12 -19.7616241183686 0.107737528818961
2019 357 12 -17.4116586169887 1.77667428791164e-05
2019 358 12 -11.9740263722785 0
2019 359 12 -9.7582509199632 0
2019 360 12 -9.07858785648574 0
2019 361 12 -6.93408272002453 0.0719553086604212
2019 362 12 -9.07858785648574 1.68105367773623
2019 363 12 -9.8042529132168 1.73188432911338
2019 364 12 -12.0351502606562 0.470036949609902
2019 365 12 -14.3899053204538 0.0371324926173532
2020 1 12 -14.1295116528672 0
2020 2 12 -14.0588910610242 0.257733821307503
2020 3 12 -13.1295614842073 0.384054970258322
2020 4 12 -13.5183034345293 0.394479751118993
2020 5 12 -14.0894606715731 0.0113766086783839
2020 6 12 -14.1295116528672 0.512566834027688
2020 7 12 -15.8522673259736 0.401761989343403
2020 8 12 -18.9528078043545 0.0415782564182101
2020 9 12 -16.4447312940816 0.00475913908856693
2020 10 12 -12.9634755443116 0.59256569584979
2020 11 12 -11.8597650260656 1.01600820770778
2020 12 12 -10.0660955228457 0.775044686045699
2020 13 12 -11.258753066544 0.324905670157562
2020 14 12 -13.9035054431156 0.0441315723101716
2020 15 12 -17.4629082336707 0.0312290174478347
2020 16 12 -20.02498658387 0.0744238703183515
2020 17 12 -17.1988807114382 0
2020 18 12 -12.6052648727384 0
2020 19 12 -14.1295116528672 0.238561289550704
2020 20 12 -15.4709099969335 0.0444941733835862
2020 21 12 -15.3592111315548 0.147835479306754
2020 22 12 -15.8567904783809 0.338563643922846
2020 23 12 -14.9342322140447 0.0839572568735445
2020 24 12 -11.9558015179393 1.01495062124365
2020 25 12 -11.9827142747623 1.39544001428006
2020 26 12 -13.1786472707758 0.19290377105658
2020 27 12 -15.2428166206685 0.553450105055187
2020 28 12 -16.4447312940816 0.00673833661428838
2020 29 12 -13.7645890831033 0
2020 30 12 -11.7520833333333 0
2020 31 12 -11.2483632321373 0
2020 32 12 -11.9558015179393 0.0057411836623982
2020 33 12 -10.4798106409077 0.0165285655964833
2020 34 12 -11.6943901410611 0.330752612466372
2020 35 12 -12.2114458754983 0.000951827817713387
2020 36 12 -11.0472611928856 0.186981286857474
2020 37 12 -11.3945664673413 0.100939073811796
2020 38 12 -9.7582509199632 9.06502683536527e-05
2020 39 12 -5.33554316160687 0.00040792620759147
2020 40 12 -7.33204155167127 2.27326699626075
2020 41 12 -9.59014297761423 2.21493354857517
2020 42 12 -10.958779898804 0.292996775697075
2020 43 12 -9.07858785648574 1.97856297384301
2020 44 12 -11.9740263722785 0.0552362301834944
2020 45 12 -12.3190854032505 0.0558858904400288
2020 46 12 -11.7367659460288 0.586582778138449
2020 47 12 -16.9151046458141 0.0274065977989219
2020 48 12 -13.4409939435756 0.511071104599853
2020 49 12 -15.7846040325053 0.735294543372622
2020 50 12 -13.1295614842073 0
2020 51 12 -3.73492601962588 0
2020 52 12 -4.49115110395584 0.0857249371064406
2020 53 12 -7.28686560870899 0.936341730202971
2020 54 12 -7.19939627414903 0.129116198891724
2020 55 12 -7.44538868445262 1.03217417223084
2020 56 12 -7.23480144127568 0.140961167289935
2020 57 12 -5.33554316160687 2.41859448480972
2020 58 12 -6.93408272002453 0.732575035322011
2020 59 12 -7.28134582950016 0
2020 60 12 -6.53363040478381 0
2020 61 12 -5.92878909843606 0
2020 62 12 -6.80154093836247 6.04335122357685e-05
2020 63 12 -7.74911453541858 0.0018281137451321
2020 64 12 -7.54595791168354 0.0107269484218494
2020 65 12 -8.25770085863232 0.441602782284835
2020 66 12 -11.6943901410611 0.506191098486815
2020 67 12 -14.8024494020239 0.0215898722462291
2020 68 12 -12.7297723091077 1.51083780589755e-05
2020 69 12 -10.461882858019 0.000105758646412628
2020 70 12 -9.8647500766636 0
2020 71 12 -9.89223781048758 0.00273461642866869
2020 72 12 -9.51023459061637 0.0947597471856883
2020 73 12 -8.10691505673106 0.000362601073414611
2020 74 12 -7.33204155167127 0.00176768023289633
2020 75 12 -3.49227230910764 0
2020 76 12 -1.90203350199325 0.401897964745933
2020 77 12 -2.08561982520699 1.16626102750396
2020 78 12 -3.43114842072984 0.360032649144603
2020 79 12 -3.81673183072677 0.0332233233516149
2020 80 12 -3.43640371051825 0.029521770727174
2020 81 12 -4.99044771542471 0.696314927980549
2020 82 12 -5.416875574977 0.0237956954428347
2020 83 12 -4.49115110395584 0.165330981099009
2020 84 12 -5.0133107175713 0.21919234887914
2020 85 12 -6.82338048144741 0.0614910986998966
2020 86 12 -6.80154093836247 0.000966936195772362
2020 87 12 -4.49115110395584 0.21162305147161
2020 88 12 -5.20853649187366 0.367239345478719
2020 89 12 -5.96167203311868 1.51083780589755e-05
2020 90 12 -3.96994978534192 0.00213028130631094
2020 91 12 -2.04594257896351 0.697236539042145
2020 92 12 -3.34211898190739 0.331039671649492
2020 93 12 -4.47800712971481 0.0205625025382211
2020 94 12 -2.89363500459982 0.157474624508359
2020 95 12 -1.62196220484514 0.0172537677433126
2020 96 12 -2.7853131708065 0.662955629226403
2020 97 12 -2.32922991413677 0.0022360399527235
2020 98 12 -2.46980987427169 0.54711969464849
2020 99 12 -6.25788293468261 3.9574281152472
2020 100 12 -9.98855029132168 0.754285774592712
2020 101 12 -4.49115110395584 0.0659933953614615
2020 102 12 -2.62935832566697 2.08640657642774
2020 103 12 -1.25390792701625 3.16263677907846
2020 104 12 -2.71038216804661 2.19734739651456
2020 105 12 -3.43432229377492 0.0320448698630174
2020 106 12 -3.81673183072677 0.984341047296231
2020 107 12 -4.81020775835633 0.441119314186949
2020 108 12 -2.86144779208832 0.0598442854914719
2020 109 12 -1.90203350199325 0
2020 110 12 -1.25390792701625 0.00341449344132098
2020 111 12 0.343794081570071 0.0196559998546845
2020 112 12 0.764583333333333 0.0434214785414011
2020 113 12 1.06796419809873 0.0165436739745422
2020 114 12 1.9243119441889 0
2020 115 12 2.04838048144741 0.0696042977175488
2020 116 12 -1.17408003679853 0.391261666592438
2020 117 12 1.65883931309414 0.0024022321113719
2020 118 12 3.17789788408464 0
2020 119 12 1.42682842686292 0.375896446106493
2020 120 12 -1.17016252683226 0.824162023115322
2020 121 12 -2.18467686292548 0.639598076747278
2020 122 12 -0.824106869058571 0.191513800275157
2020 123 12 -0.111169886537871 0.570023995785847
2020 124 12 -1.25390792701625 0.715608326761819
2020 125 12 -0.111169886537871 0.0820233844819996
2020 126 12 -1.62196220484514 1.53541913699616
2020 127 12 -1.63644012572831 0.0469568390071938
2020 128 12 0.573938209138303 0.00365622749026419
2020 129 12 0.741672416436675 1.16928270311575
2020 130 12 -0.939500919963202 0.544777896049354
2020 131 12 0.484454538485127 0.0227381089787087
2020 132 12 2.28666819993867 0
2020 133 12 2.60672723091076 0.328592114403944
2020 134 12 1.06796419809873 0.76960566994448
2020 135 12 -1.45291704998467 3.1992745958714
2020 136 12 -1.62196220484514 0.00216049806242889
2020 137 12 -1.65016674333027 1.17405695058237
2020 138 12 -1.62196220484514 0.0751792892212987
2020 139 12 -1.03610663906777 0.467710059570688
2020 140 12 -1.67771964121435 0.0100017462750201
2020 141 12 -0.571019242563631 0.00539369096704263
2020 142 12 0.472288025145661 0.165950424599426
2020 143 12 2.6751878258203 0.0129025548623371
2020 144 12 6.45351310947562 0.0129932051306907
2020 145 12 8.9909977767556 0.0462920703726003
2020 146 12 10.0856926556271 0.0782009648330872
2020 147 12 10.9396868291935 0.0614910986998966
2020 148 12 10.4376015792702 0.0428775769312793
2020 149 12 7.38330075130328 0.00982044573831271
2020 150 12 5.32405895430849 0.458463732198615
2020 151 12 5.80122661760196 0.391503400641381
2020 152 12 6.26711898190739 0.384749955649034
2020 153 12 6.45351310947562 1.63818632455309
2020 154 12 6.86403902177247 0.676855337040631
2020 155 12 8.90326395277522 0.0546621118172546
2020 156 12 9.27301632934682 0.520468515752516
2020 157 12 4.46369595216191 1.65024281024413
2020 158 12 4.46369595216191 0.166796493770727
2020 159 12 4.72177246243484 0.950150787748844
2020 160 12 1.2467475467648 3.13477692993778
2020 161 12 0.944618215271389 2.35888617472078
2020 162 12 0.390177476234286 1.34759178096739
2020 163 12 1.61290631708065 0.50011753050712
2020 164 12 2.85583026678933 0.149724026564122
2020 165 12 4.79084253296535 0.299281860969595
2020 166 12 5.80894280895431 1.3680485248592
2020 167 12 6.55026257283042 1.33558062041053
2020 168 12 4.33392555964428 1.08230377063042
2020 169 12 2.62079691812327 0.155812702921876
2020 170 12 2.56861008892978 0.680481347774777
2020 171 12 4.27963814780742 0.465474019617964
2020 172 12 4.79084253296535 0.110094750915515
2020 173 12 7.33809414290095 0.00311232588014221
2020 174 12 9.66804661146888 1.77379912601016
2020 175 12 6.81645584176633 1.58207380844218
2020 176 12 5.16058532658694 0.882676771337606
2020 177 12 7.14023880711438 0.168292223198562
2020 178 12 5.19561867525299 3.67050490752982
2020 179 12 -0.824106869058571 1.19739939468344
2020 180 12 -1.50726387611162 0.289703149280225
2020 181 12 3.71045499846672 0.000936719439654478
2020 182 12 5.04375 1.12492450513469
2020 183 12 5.49997508432996 1.89524026884794
2020 184 12 4.14104377491567 0.434260110548189
2020 185 12 4.27963814780742 0.0211668376605787
2020 186 12 4.30692655627109 0.114717914601552
2020 187 12 2.37447293774915 1.44783586938847
2020 188 12 3.43294618215271 0.245994611555704
2020 189 12 6.57182804354492 0.0753454813799471
2020 190 12 7.63164098436063 0.984915165662472
2020 191 12 6.94610740570377 2.2765606226776
2020 192 12 4.79084253296535 2.2196322541515
2020 193 12 6.20763952775222 1.02903162959458
2020 194 12 7.14023880711438 0.0947446388076293
2020 195 12 7.63657812020853 0.297302663443873
2020 196 12 7.65417049984667 0.437327111294154
2020 197 12 7.87883892977615 0.31093042045304
2020 198 12 7.09487120515179 1.6540803382711
2020 199 12 7.63164098436063 1.17266697980095
2020 200 12 8.1448712051518 2.01607707656337
2020 201 12 8.92020660840233 0.497866382176337
2020 202 12 6.94610740570377 1.39358168377881
2020 203 12 6.57182804354492 0.49810811622528
2020 204 12 7.63164098436063 0.252793381682229
2020 205 12 8.72673834713279 1.54014805932861
2020 206 12 5.61367486967188 2.66073645996039
2020 207 12 7.60296113155474 0.756476489411259
2020 208 12 6.94610740570377 4.00278346618015
2020 209 12 6.57182804354492 0.792676163240485
2020 210 12 6.38479760809568 2.01752748085702
2020 211 12 4.92285533578657 1.64678299166863
2020 212 12 7.60296113155474 0.117935999128106
2020 213 12 5.28382589696412 1.98845896147162
2020 214 12 4.81120438515793 1.44822868721801
2020 215 12 5.04375 1.42376822314058
2020 216 12 5.80122661760196 0.944016786256914
2020 217 12 7.40309912603496 1.46741632735286
2020 218 12 7.41813477460901 1.50882839161243
2020 219 12 9.27301632934682 1.09565957683452
2020 220 12 9.35846366145354 2.33107165071426
2020 221 12 7.07405703771849 2.67363901482273
2020 222 12 6.55026257283042 2.17133076949706
2020 223 12 7.14023880711438 0.966800220369799
2020 224 12 5.32405895430849 0.732333301273068
2020 225 12 5.80122661760196 0.099065634932487
2020 226 12 3.71045499846672 0.618053529635226
2020 227 12 6.08116375344986 0.214115933851335
2020 228 12 7.10683455995094 0.174093840373196
2020 229 12 7.75411300214658 0.279580535980734
2020 230 12 6.38479760809568 4.0774641789255
2020 231 12 3.44407582030052 1.81401762840307
2020 232 12 3.97291666666667 0.757896676948799
2020 233 12 3.81035916896658 1.00315097797962
2020 234 12 3.82598704385158 0.788098324688626
2020 235 12 6.55026257283042 0.0309721750208325
2020 236 12 10.5117966114689 0.0395688421363707
2020 237 12 9.63323750383318 0.455411839830708
2020 238 12 5.34172224777675 2.3667878564456
2020 239 12 2.6751878258203 3.48974827243263
2020 240 12 2.40898114075437 0.175000343056733
2020 241 12 5.3976943422263 0.00146551267171749
2020 242 12 6.55026257283042 0.229450937581162
2020 243 12 5.5286894357559 1.02525453507985
2020 244 12 4.79084253296535 0.715880277566879
2020 245 12 4.86622393437596 0.692235665904635
2020 246 12 5.63351732597363 1.37478686147349
2020 247 12 3.44407582030052 1.79285079074249
2020 248 12 3.67198712051518 0.586099310040562
2020 249 12 3.57772155780436 0.638117455697502
2020 250 12 1.46853342532965 0.261646891224769
2020 251 12 1.52867026985587 0
2020 252 12 2.26777445568844 0.0193689406715644
2020 253 12 3.09645239190432 0.00563542501598564
2020 254 12 3.44407582030052 0.0215294387339932
2020 255 12 3.09645239190432 1.06832852092589
2020 256 12 2.02282467034652 0.213209431167799
2020 257 12 3.34602690892364 0
2020 258 12 2.85583026678933 0.454399578500759
2020 259 12 3.22020852499234 0
2020 260 12 2.98424179699479 0.0024173404894308
2020 261 12 -1.05847324440356 1.88912137573407
2020 262 12 -3.44681654400491 0.419861826258016
2020 263 12 -3.06552054584483 0.0270591051035663
2020 264 12 2.34498236737197 0
2020 265 12 1.76370553511192 0.135053791468888
2020 266 12 0.144970867831954 0.0813586158474062
2020 267 12 0.484454538485127 0
2020 268 12 1.39449555351119 0
2020 269 12 1.74173374731677 0
2020 270 12 0.573938209138303 0.0277691988723366
2020 271 12 -1.3229990800368 0.0745447373428231
2020 272 12 -1.21597669426557 0.0983857579198346
2020 273 12 -1.17408003679853 0.287074291497969
2020 274 12 -2.57611545538178 1.07295168461193
